xlim_list = [ ...
    0.5 3.5;
    0.5 3.5;
    3.25 6.25;
    3.25 6.25
    ];

ylim_list = [ ...
    -40 60 600 700; 
    160 260 640 740;
    200 300 350 450;
    520 620 360 460
    ];