% N_FO: Number of CH4 nanomoles in the FO chamber
% 
% Data estimated in Figure 1 + taken from Figure S43b in the SM for Webster
% et al. (2018)
% 
%   - Column 1: Sol
%   - Column 2: N_FO [nmol]
% 
% sebastien.viscardy@aeronomie.be
%%

CH4_nanomoles_in_FO = [ ...
    79        3.6479
    81        3.8385
    106       4.5215
    292       5.5514
    306       0.13482
    313       0.068118
    466       1.0929
    474       1.0683
    504       1.2024
    526       1.0947
    573       1.703
    684       1.9509
    684       2.0145
    965       2.3856
    1086      0.74959
    1125      1.4279
    1141      1.5248
    1169      1.7643
    1169      1.388
    1222      1.388
    1322      1.4678
    1451      2.2716
    1527      2.3457
    1579      2.3742
    1709      2.3514
    2442      1.8491
    2446      1.9308
    2615      1.6474
    2627      1.5791
    2644      1.5231];